LINE 42 'if exist "C:\\Program Files (x86)\\Inno Setup 6\\ISCC.exe" set "ISCC=C:\\Program Files (x86)\\Inno Setup 6\\ISCC.exe"'
CODES [105, 102, 32, 101, 120, 105, 115, 116, 32, 34, 67, 58, 92, 80, 114, 111, 103, 114, 97, 109, 32, 70, 105, 108, 101, 115, 32, 40, 120, 56, 54, 41, 92, 73, 110, 110, 111, 32, 83, 101, 116, 117, 112, 32, 54, 92, 73, 83, 67, 67, 46, 101, 120, 101, 34, 32, 115, 101, 116, 32, 34, 73, 83, 67, 67, 61, 67, 58, 92, 80, 114, 111, 103, 114, 97, 109, 32, 70, 105, 108, 101, 115, 32, 40, 120, 56, 54, 41, 92, 73, 110, 110, 111, 32, 83, 101, 116, 117, 112, 32, 54, 92, 73, 83, 67, 67, 46, 101, 120, 101, 34]
LEN 111
-----
LINE 43 'if exist "C:\\Program Files\\Inno Setup 6\\ISCC.exe" set "ISCC=C:\\Program Files\\Inno Setup 6\\ISCC.exe"'
CODES [105, 102, 32, 101, 120, 105, 115, 116, 32, 34, 67, 58, 92, 80, 114, 111, 103, 114, 97, 109, 32, 70, 105, 108, 101, 115, 92, 73, 110, 110, 111, 32, 83, 101, 116, 117, 112, 32, 54, 92, 73, 83, 67, 67, 46, 101, 120, 101, 34, 32, 115, 101, 116, 32, 34, 73, 83, 67, 67, 61, 67, 58, 92, 80, 114, 111, 103, 114, 97, 109, 32, 70, 105, 108, 101, 115, 92, 73, 110, 110, 111, 32, 83, 101, 116, 117, 112, 32, 54, 92, 73, 83, 67, 67, 46, 101, 120, 101, 34]
LEN 99
-----
LINE 74 'echo     - Install to Program Files\\YT Downloader'
CODES [101, 99, 104, 111, 32, 32, 32, 32, 32, 45, 32, 73, 110, 115, 116, 97, 108, 108, 32, 116, 111, 32, 80, 114, 111, 103, 114, 97, 109, 32, 70, 105, 108, 101, 115, 92, 89, 84, 32, 68, 111, 119, 110, 108, 111, 97, 100, 101, 114]
LEN 49
-----
